0,1
Number of faculty members entered,274
